 1  16.44  12.43  11.23
 1   7.19   2.70   3.92
 1   9.92   1.35   9.75
 1   4.24   5.78   7.78
 1  11.20   5.05  10.67
 1  14.25   5.78   9.88
 1  13.50  10.98  10.60
 1  13.32  14.27   9.45
 1  29.11  15.09   3.28
 1  12.68   7.61  10.23
 1   7.51   5.80   8.13
 1   9.90   3.63   9.13
 1  10.25   5.07  10.17
 1  11.11   6.15   7.61
 1  12.17  14.26  14.39
 1  10.24   2.59   6.09
 1  10.18   6.05  12.14
 1   8.88   2.70  12.23
 1  12.34   7.73  11.68
 1   8.51  14.02  12.01
 1  26.16  17.44  16.89
 1  12.95   8.24   7.18
 1  16.93  13.37  17.59
 1  14.70  10.78  14.58
 1  10.32   5.16  17.00
 1   8.98   4.49   4.26
 1   9.70  11.59   6.83
 1  12.72   8.63   5.59
 1   9.49   2.16   6.23
 1   8.22   7.95   6.72
 1  13.70  11.22   4.91
 1   8.21   9.85   8.17
 1  15.86  11.42  13.06
 1   9.18   9.18   9.49
 1  12.49   4.67  11.94
 1  17.32   6.86   4.44
 2   8.50  12.26   9.11
 2   7.42   5.13  17.15
 2  10.28   3.32  11.23
 2  10.16  14.72   5.99
 2  12.79   4.17  29.28
 2   9.60  12.72  11.00
 2   6.47   8.89  19.00
 2  11.35   9.95  14.53
 2   9.15   2.94  13.68
 2   9.70   5.06  20.84
 2   9.77  17.86  35.18
 2  11.61  11.75  17.00
 2   9.09  13.25  20.66
 2   8.53  10.14  17.45
 2   8.29   6.22  16.38
 2  15.90  12.90  19.09
 2  11.94   5.69  14.77
 2   9.54  16.77  22.66
 2  10.43  17.65  10.66
 2  10.87  21.52  28.47
 2   7.13  13.22  19.44
 2  11.88  12.18  21.20
 2  12.03   9.22  23.09

